46 89
99 32
5826 7443

66 31
23 70
7780 8390

40 81
51 15
12271 14153

81 83
74 15
9473 5449

13 43
56 32
6619 373

40 13
71 95
8622 8700

43 94
73 37
4797 3009

87 33
28 70
7697 3929

59 38
16 40
7920 6864

74 12
22 81
2452 18596

17 68
78 29
5557 18778

61 73
49 12
6583 6199

15 81
50 15
1940 3336

51 77
33 14
5336 19205

18 33
60 16
7338 4241

99 58
30 53
8391 5589

13 56
71 63
2373 4151

52 19
39 68
18476 3897

18 65
66 11
11612 1592

53 19
16 45
17227 5955

17 52
42 22
4984 5024

50 13
23 43
3321 16777

99 11
78 77
4128 2167

62 32
38 89
5712 7944

49 26
19 44
2700 3366

45 68
93 15
3756 1031

48 22
29 45
14156 18998

65 39
13 31
13497 6951

12 35
59 19
1564 17449

86 12
22 54
3524 2478

12 31
92 28
4348 3894

15 45
35 13
5300 16160

20 62
78 33
8480 6176

12 37
30 17
8636 1522

35 91
97 40
5566 4286

70 19
40 72
7010 2881

79 14
45 46
2915 2646

20 17
20 89
2580 7089

20 62
98 74
4852 4930

41 65
35 18
10821 16101

59 96
25 12
3286 3540

60 16
44 96
2908 2208

67 34
11 28
1190 11006

52 25
24 53
18020 5753

18 62
77 22
4881 8984

13 52
68 27
10422 10288

82 83
12 74
4762 6119

65 25
31 70
19366 12695

26 65
47 11
15571 10762

11 41
63 38
19330 11675

49 17
13 61
8694 18710

58 11
12 43
6232 14986

49 22
22 67
6238 8056

24 48
64 35
9856 11940

86 97
98 24
13426 10730

13 37
60 38
1385 9879

24 49
58 31
7232 13984

73 91
65 15
7926 9022

17 86
90 49
6199 6982

14 59
60 39
4992 5640

35 78
55 28
3430 3010

93 23
30 39
10557 5011

25 84
80 33
6480 5031

25 11
41 60
9940 8659

85 17
82 80
6742 6182

13 37
69 48
4366 13687

12 20
55 24
3481 2080

14 52
50 20
14422 17156

17 26
85 19
6086 2315

14 39
52 12
5474 4089

78 45
12 35
884 12475

51 23
21 45
9608 15828

80 29
19 87
3256 3103

20 58
58 16
18674 10192

41 25
23 78
2203 2111

66 93
82 27
9672 5394

77 20
15 68
14735 1124

11 50
61 14
17846 17220

59 72
85 27
5363 4473

60 31
53 95
5536 9081

72 63
24 85
4128 4444

91 24
22 34
4938 2966

34 71
87 33
7889 5026

58 63
14 94
4538 9578

28 67
73 55
6993 7518

18 91
50 38
4006 6292

86 47
31 87
5085 3970

11 46
42 19
19769 14095

74 19
21 67
13880 8750

22 70
99 33
8206 6934

54 23
21 61
5918 16251

24 39
30 11
14630 19481

54 83
62 26
4420 3121

41 15
20 56
8464 15604

52 87
66 20
2868 1724

23 73
50 15
14055 10765

57 25
13 40
6852 6195

64 22
21 63
17980 10000

71 48
28 68
4517 4624

16 92
50 11
1628 7702

46 99
76 33
12078 13068

73 26
61 75
5049 5634

23 39
43 13
4148 3978

57 21
30 73
6029 10726

19 42
34 14
752 1782

75 41
49 91
5033 8659

51 29
28 53
2672 6081

22 95
78 77
1748 4950

19 70
83 79
6107 6851

74 19
61 62
6078 6009

43 61
76 14
3754 1010

56 65
45 13
2651 1547

63 45
28 82
6818 7412

40 25
11 33
11944 16022

47 19
33 75
5736 6450

38 89
89 50
8505 11205

17 85
28 28
1581 4097

41 16
15 57
4388 10370

95 39
36 83
2773 4413

80 31
31 83
9819 8703

13 31
96 33
4634 4193

12 55
80 17
12104 1262

45 79
40 22
5030 5262

72 40
13 49
1294 4838

58 20
17 43
11537 18431

23 59
61 34
7642 7723

55 34
18 34
5365 10410

16 88
36 40
4020 11208

17 54
80 63
4426 5841

21 51
50 26
9075 2037

25 60
63 17
19354 1841

15 36
69 50
18074 12164

65 37
20 54
15420 10398

91 37
45 70
7547 3689

11 17
50 24
4565 891

38 32
97 13
6420 1560

48 19
32 51
2064 8477

33 71
79 18
5538 2341

47 19
21 56
1466 4784

16 57
47 14
10890 12655

19 65
77 34
4981 3275

52 75
37 12
4862 16721

54 80
34 13
4332 13007

47 66
57 18
5906 3144

50 12
45 83
5275 9227

64 33
33 84
3282 7185

91 28
11 77
8105 8015

64 14
16 53
2288 19247

28 72
66 13
5164 12100

44 78
81 42
4694 3648

98 50
50 96
9028 5452

13 58
76 71
5600 5415

36 12
24 69
7136 9800

11 48
52 24
1837 17552

12 51
21 11
4538 10584

67 76
95 17
8134 4144

27 83
94 35
11320 10926

51 28
16 37
18394 7724

16 87
42 17
5370 8696

28 83
93 27
10339 8018

54 21
13 38
6183 19732

24 97
92 74
2652 8038

17 92
89 22
8227 3614

63 19
14 67
3493 4004

11 19
45 17
1190 10370

51 12
24 59
6530 13600

67 31
11 41
6841 289

31 59
66 36
14590 15318

72 25
18 53
2762 15786

15 41
66 45
16427 8793

54 21
20 52
11110 3663

89 16
12 46
8925 3972

29 20
20 94
1887 1542

91 21
37 60
5132 4272

52 91
91 20
8398 7734

97 15
64 98
15103 10441

85 14
61 79
11721 8550

80 36
31 46
4383 3030

62 56
19 61
4693 6913

88 63
17 65
8500 9255

83 30
31 91
11224 11797

65 27
50 71
4605 6082

69 38
19 43
459 16498

22 30
97 41
2530 1442

74 41
13 78
4527 7818

41 17
16 30
2485 3903

38 66
40 13
14936 4261

13 42
63 24
5494 4464

15 96
85 78
7925 7848

30 76
51 14
6578 980

24 93
88 27
3112 1383

30 42
34 13
3144 3156

14 92
97 37
6405 4263

27 48
66 32
3954 4640

57 19
15 65
585 1395

75 43
12 44
10319 5967

24 61
39 14
4484 15526

35 36
93 12
8976 1536

72 15
60 75
7272 2265

70 26
24 97
4156 8062

26 80
79 60
7919 7340

24 12
23 60
3645 11612

14 48
59 21
1906 4722

46 91
80 19
7704 2150

73 18
50 94
9314 9402

31 82
89 14
6548 2264

63 29
45 93
6273 3249

67 74
97 26
10789 5750

17 53
63 35
8488 15320

67 23
21 67
14545 14063

41 11
31 75
3039 3569

18 37
37 16
4860 19639

14 50
74 61
6558 8175

85 51
48 95
9071 8223

14 93
86 99
958 1641

20 12
21 48
2231 2436

30 42
73 11
6954 2622

23 73
88 78
8879 10869

21 66
67 18
4778 5388

11 24
46 28
6340 13440

47 23
26 50
2230 2806

91 18
16 77
8136 8919

78 15
28 51
5746 3477

92 17
65 96
6745 4018

86 45
15 67
7198 9090

65 21
17 62
3532 8152

26 45
54 26
9864 873

33 71
73 40
2949 2833

76 25
23 49
2413 1581

33 42
95 25
11269 5231

97 24
27 90
6964 4056

48 11
21 80
9326 7660

78 34
13 41
6048 2932

46 13
21 75
12934 16405

27 74
60 47
7074 8818

32 44
94 33
9400 6380

38 38
59 15
2554 2378

87 55
13 84
6441 6118

73 11
33 39
3622 3302

16 62
61 25
12601 5779

50 42
33 95
3079 6825

21 55
24 12
3950 3942

14 73
45 13
9880 12514

28 72
66 25
4002 507

79 27
22 66
7368 6144

21 51
64 16
8182 15610

61 27
25 54
259 7685

21 31
52 20
4777 2227

41 44
62 17
679 481

24 35
65 31
7674 5450

63 34
28 59
12051 12743

40 72
96 33
8424 8313

74 38
53 92
4761 4194

89 91
90 15
10779 3396

27 81
56 19
5408 3559

78 22
14 21
4354 2541

52 31
13 42
6412 8395

29 90
34 28
3635 6630

95 21
21 62
8441 3644

56 13
11 50
7989 7651

28 75
91 23
6944 7121

29 76
66 20
2690 12896

59 39
31 64
4202 4866

78 15
23 80
8008 3505

50 13
16 82
6326 8339

70 23
20 52
8210 11585

28 69
28 18
3248 6219

97 51
27 53
7688 6448

73 25
35 56
7858 5596

38 18
14 45
17294 14435

62 28
18 38
14660 2052

92 45
22 42
9750 6987

11 83
61 11
5413 5351

20 63
94 78
2868 4236

64 14
19 50
13060 5076

31 77
56 18
19794 4592

13 88
79 70
5342 6416

62 46
31 77
4154 8158

37 11
37 57
1813 1367

40 67
47 24
5233 15974

56 14
16 73
16248 12141

18 41
36 25
3960 4004

57 51
22 96
3377 3861

23 64
66 26
6750 5918

73 48
22 48
17229 848

54 17
21 91
4944 7970

57 20
23 65
5736 16035

38 91
27 19
2836 5787

75 29
63 83
9483 6071

46 19
20 55
7470 12955

91 13
21 19
10381 2667

11 27
55 25
5655 2955

64 11
15 75
13004 19196

68 18
25 81
2803 4833

75 15
12 16
3045 745

13 73
40 12
8692 10996

45 21
31 66
3759 2991

17 92
88 80
8733 11996

37 79
59 32
3727 3259

73 42
18 41
11287 14472

13 90
57 62
5281 11282

34 26
20 56
978 870

75 94
92 15
10286 7074

14 63
39 12
10905 752

47 25
17 79
3407 7129

61 11
25 61
9032 17858

94 29
62 88
12466 7565

17 41
41 26
15757 19582

54 22
17 57
12980 6276

28 88
33 24
4151 5792

76 22
16 66
3060 13520

40 75
46 11
12698 19628

20 87
90 49
1810 5476

79 26
58 71
3450 1395

71 22
12 67
15351 14713

67 17
30 81
1621 1284

90 46
17 42
5534 5560

83 34
15 61
11391 6126

99 23
80 87
4029 1757

14 50
70 29
12562 1392
